+1.00000000000e+000 -5.22864041623e+001
+1.01800975118e+000 -5.27514174257e+001
+1.03634385350e+000 -5.32164269474e+001
+1.05500814844e+000 -5.36814325916e+001
+1.07400858268e+000 -5.41464342178e+001
+1.09335121002e+000 -5.46114316799e+001
+1.11304219327e+000 -5.50764248269e+001
+1.13308780622e+000 -5.55414135022e+001
+1.15349443568e+000 -5.60063975435e+001
+1.17426858345e+000 -5.47327570579e+001
+1.19541686846e+000 -5.51977313208e+001
+1.21694602882e+000 -5.56627004267e+001
+1.23886292399e+000 -5.61276641887e+001
+1.26117453700e+000 -5.65926224128e+001
+1.28388797661e+000 -5.79822874648e+001
+1.30701047961e+000 -5.84472340033e+001
+1.33054941314e+000 -5.89121743791e+001
+1.35451227700e+000 -5.93771083689e+001
+1.37890670608e+000 -5.98420357410e+001
+1.40374047276e+000 -6.06511306410e+001
+1.42902148939e+000 -6.11160440492e+001
+1.45475781085e+000 -6.15809500935e+001
+1.48095763705e+000 -6.20458485069e+001
+1.50762931560e+000 -6.14502545477e+001
+1.53478134445e+000 -6.19151368595e+001
+1.56242237458e+000 -6.23800106804e+001
+1.59056121278e+000 -6.28448757025e+001
+1.61920682446e+000 -6.10413638234e+001
+1.64836833648e+000 -6.15062102802e+001
+1.67805504007e+000 -6.19710469468e+001
+1.70827639381e+000 -6.24358734687e+001
+1.73904202661e+000 -6.18031886804e+001
+1.77036174080e+000 -6.22679937973e+001
+1.80224551525e+000 -6.27327876271e+001
+1.83470350855e+000 -6.31975697611e+001
+1.86774606222e+000 -6.40763311282e+001
+1.90138370407e+000 -6.45410885852e+001
+1.93562715148e+000 -6.50058330300e+001
+1.97048731486e+000 -6.45452575015e+001
+2.00597530110e+000 -6.50099744925e+001
+2.04210241715e+000 -6.54746770076e+001
+2.07888017356e+000 -6.55845774687e+001
+2.11632028822e+000 -6.60492494423e+001
+2.15443469003e+000 -6.65139053123e+001
+2.19323552273e+000 -6.66618539754e+001
+2.23273514878e+000 -6.71264758711e+001
+2.27294615326e+000 -6.75910798536e+001
+2.31388134792e+000 -6.79791698519e+001
+2.35555377526e+000 -6.84437360438e+001
+2.39797671264e+000 -6.89082823111e+001
+2.44116367658e+000 -7.09320368210e+001
+2.48512842698e+000 -7.13965410556e+001
+2.52988497160e+000 -7.18610231299e+001
+2.57544757045e+000 -7.21811144134e+001
+2.62183074038e+000 -7.26455497407e+001
+2.66904925965e+000 -7.05074185569e+001
+2.71711817270e+000 -7.09718037065e+001
+2.76605279492e+000 -7.14361624035e+001
+2.81586871751e+000 -7.03283947598e+001
+2.86658181246e+000 -7.07926976597e+001
+2.91820823764e+000 -6.98354475040e+001
+2.97076444190e+000 -7.02996905187e+001
+3.02426717031e+000 -7.32299332757e+001
+3.07873346955e+000 -7.36941120207e+001
+3.13418069329e+000 -7.54808341544e+001
+3.19062650773e+000 -7.59449439281e+001
+3.24808889724e+000 -7.35569884860e+001
+3.30658617009e+000 -7.40210242471e+001
+3.36613696427e+000 -7.34800332838e+001
+3.42676025343e+000 -7.39439896274e+001
+3.48847535295e+000 -7.26979489783e+001
+3.55130192606e+000 -7.31618201107e+001
+3.61525999011e+000 -7.28796683397e+001
+3.68036992298e+000 -7.33434480510e+001
+3.74665246955e+000 -7.31139552066e+001
+3.81412874828e+000 -7.34815536702e+001
+3.88282025801e+000 -7.39451836246e+001
+3.95274888473e+000 -7.44036766257e+001
+4.02393690862e+000 -7.48671976198e+001
+4.09640701111e+000 -7.48335961848e+001
+4.17018228212e+000 -7.44301611830e+001
+4.24528622739e+000 -7.48935037391e+001
+4.32174277604e+000 -7.42861964065e+001
+4.39957628810e+000 -7.35296622015e+001
+4.47881156235e+000 -7.39928065959e+001
+4.55947384417e+000 -7.58152180071e+001
+4.64158883361e+000 -7.63446054790e+001
+4.72518269359e+000 -7.68075298634e+001
+4.81028205818e+000 -7.65754902912e+001
+4.89691404115e+000 -7.85331966605e+001
+4.98510624459e+000 -7.90163163792e+001
+5.07488676766e+000 -7.94789093515e+001
+5.16628421561e+000 -7.80257306714e+001
+5.25932770886e+000 -7.68729826100e+001
+5.35404689227e+000 -7.67570737806e+001
+5.45047194461e+000 -7.80296834036e+001
+5.54863358815e+000 -8.01242105686e+001
+5.64856309846e+000 -8.05862119405e+001
+5.75029231439e+000 -8.12091209656e+001
+5.85385364818e+000 -8.07855439788e+001
+5.95928009583e+000 -8.02585363639e+001
+6.06660524757e+000 -7.99861176252e+001
+6.17586329859e+000 -8.02609802239e+001
+6.28708905992e+000 -8.06597877840e+001
+6.40031796953e+000 -8.12371045958e+001
+6.51558610364e+000 -8.23152307295e+001
+6.63293018816e+000 -8.29045758759e+001
+6.75238761044e+000 -8.08678394749e+001
+6.87399643118e+000 -8.06839771912e+001
+6.99779539652e+000 -8.16767645803e+001
+7.12382395042e+000 -8.32089413517e+001
+7.25212224722e+000 -8.23975755335e+001
+7.38273116442e+000 -8.26832325755e+001
+7.51569231572e+000 -8.32920705246e+001
+7.65104806427e+000 -8.25288594937e+001
+7.78884153618e+000 -8.21003307137e+001
+7.92911663423e+000 -8.37107953886e+001
+8.07191805189e+000 -8.41193459380e+001
+8.21729128755e+000 -8.29627260886e+001
+8.36528265901e+000 -8.27070139187e+001
+8.51593931825e+000 -8.35542538958e+001
+8.66930926644e+000 -8.40557174947e+001
+8.82544136923e+000 -8.32715892292e+001
+8.98438537235e+000 -8.38052598887e+001
+9.14619191741e+000 -8.34207991699e+001
+9.31091255809e+000 -8.36942628223e+001
+9.47859977652e+000 -8.41903356969e+001
+9.64930700003e+000 -8.53384782109e+001
+9.82308861817e+000 -8.61446367390e+001
+1.00000000000e+001 -8.59691297123e+001
+1.01800975118e+001 -8.36574349506e+001
+1.03634385350e+001 -8.41012841840e+001
+1.05500814844e+001 -8.60378723007e+001
+1.07400858268e+001 -8.78104422556e+001
+1.09335121002e+001 -8.76118932006e+001
+1.11304219327e+001 -8.85737933549e+001
+1.13308780622e+001 -8.89221808456e+001
+1.15349443568e+001 -8.76859702497e+001
+1.17426858345e+001 -8.65200095427e+001
+1.19541686846e+001 -8.86935536557e+001
+1.21694602882e+001 -8.77469690418e+001
+1.23886292399e+001 -8.70711088570e+001
+1.26117453700e+001 -8.72714681104e+001
+1.28388797661e+001 -8.69223394123e+001
+1.30701047961e+001 -8.89160339794e+001
+1.33054941314e+001 -8.90500486431e+001
+1.35451227700e+001 -9.02199265168e+001
+1.37890670608e+001 -8.79295157087e+001
+1.40374047276e+001 -8.99358581779e+001
+1.42902148939e+001 -9.16163883584e+001
+1.45475781085e+001 -8.83705050093e+001
+1.48095763705e+001 -8.86811460790e+001
+1.50762931560e+001 -8.94617474611e+001
+1.53478134445e+001 -8.94521399301e+001
+1.56242237458e+001 -9.04794990299e+001
+1.59056121278e+001 -8.97253852580e+001
+1.61920682446e+001 -8.96853437135e+001
+1.64836833648e+001 -9.04704713889e+001
+1.67805504007e+001 -9.05301086367e+001
+1.70827639381e+001 -9.22063723643e+001
+1.73904202661e+001 -9.12534309807e+001
+1.77036174080e+001 -9.12162616062e+001
+1.80224551525e+001 -9.01566931472e+001
+1.83470350855e+001 -9.27678466859e+001
+1.86774606222e+001 -9.06192544060e+001
+1.90138370407e+001 -9.11374195251e+001
+1.93562715148e+001 -9.18202277903e+001
+1.97048731486e+001 -9.15711763770e+001
+2.00597530110e+001 -9.37159881531e+001
+2.04210241715e+001 -9.23150050283e+001
+2.07888017356e+001 -9.21427805290e+001
+2.11632028822e+001 -9.19726078738e+001
+2.15443469003e+001 -9.28183366336e+001
+2.19323552273e+001 -9.33062362611e+001
+2.23273514878e+001 -9.38547236079e+001
+2.27294615326e+001 -9.23838427001e+001
+2.31388134792e+001 -9.29308957046e+001
+2.35555377526e+001 -9.46541534211e+001
+2.39797671264e+001 -9.48961157147e+001
+2.44116367658e+001 -9.46359725750e+001
+2.48512842698e+001 -9.40254790883e+001
+2.52988497160e+001 -9.52094108591e+001
+2.57544757045e+001 -9.58506135445e+001
+2.62183074038e+001 -9.44904350409e+001
+2.66904925965e+001 -9.55675950848e+001
+2.71711817270e+001 -9.57414335000e+001
+2.76605279492e+001 -9.50252606777e+001
+2.81586871751e+001 -9.52330195465e+001
+2.86658181246e+001 -9.56161244978e+001
+2.91820823764e+001 -9.67941722839e+001
+2.97076444190e+001 -9.60951673401e+001
+3.02426717031e+001 -9.63092244265e+001
+3.07873346955e+001 -9.68335001554e+001
+3.13418069329e+001 -9.55316472544e+001
+3.19062650773e+001 -9.62037252215e+001
+3.24808889724e+001 -9.69333998525e+001
+3.30658617009e+001 -9.74613115730e+001
+3.36613696427e+001 -9.63777810870e+001
+3.42676025343e+001 -9.61874514101e+001
+3.48847535295e+001 -9.72600815954e+001
+3.55130192606e+001 -9.70074456841e+001
+3.61525999011e+001 -9.77991554286e+001
+3.68036992298e+001 -9.75656487402e+001
+3.74665246955e+001 -9.79298948722e+001
+3.81412874828e+001 -9.77625806876e+001
+3.88282025801e+001 -9.92587729862e+001
+3.95274888473e+001 -9.89066942534e+001
+4.02393690862e+001 -9.85769565386e+001
+4.09640701111e+001 -9.79669178933e+001
+4.17018228212e+001 -9.88564191719e+001
+4.24528622739e+001 -9.89685002339e+001
+4.32174277604e+001 -9.96796691448e+001
+4.39957628810e+001 -9.93394383627e+001
+4.47881156235e+001 -9.95833015040e+001
+4.55947384417e+001 -1.00622392198e+002
+4.64158883361e+001 -1.00566921825e+002
+4.72518269359e+001 -9.98782737718e+001
+4.81028205818e+001 -1.00021864066e+002
+4.89691404115e+001 -1.00449021751e+002
+4.98510624459e+001 -9.96381656843e+001
+5.07488676766e+001 -1.01151925530e+002
+5.16628421561e+001 -1.02040270224e+002
+5.25932770886e+001 -1.01562151288e+002
+5.35404689227e+001 -1.00916131666e+002
+5.45047194461e+001 -1.02096155253e+002
+5.54863358815e+001 -1.01439955739e+002
+5.64856309846e+001 -1.02326214889e+002
+5.75029231439e+001 -1.02225075512e+002
+5.85385364818e+001 -1.02738053176e+002
+5.95928009583e+001 -1.02890867087e+002
+6.06660524757e+001 -1.02050062384e+002
+6.17586329859e+001 -1.02860562606e+002
+6.28708905992e+001 -1.02384464225e+002
+6.40031796953e+001 -1.02716409825e+002
+6.51558610364e+001 -1.03021469671e+002
+6.63293018816e+001 -1.02540587875e+002
+6.75238761044e+001 -1.03171734145e+002
+6.87399643118e+001 -1.02848245230e+002
+6.99779539652e+001 -1.03522628449e+002
+7.12382395042e+001 -1.03743390922e+002
+7.25212224722e+001 -1.04122618203e+002
+7.38273116442e+001 -1.03273560342e+002
+7.51569231572e+001 -1.03256226183e+002
+7.65104806427e+001 -1.03486906209e+002
+7.78884153618e+001 -1.04150218676e+002
+7.92911663423e+001 -1.03657022703e+002
+8.07191805189e+001 -1.04448573986e+002
+8.21729128755e+001 -1.03748330735e+002
+8.36528265901e+001 -1.02268658129e+002
+8.51593931825e+001 -1.04073182382e+002
+8.66930926644e+001 -1.03570047715e+002
+8.82544136923e+001 -1.03370947171e+002
+8.98438537235e+001 -1.04406630996e+002
+9.14619191741e+001 -1.03828134949e+002
+9.31091255809e+001 -1.03286820458e+002
+9.47859977652e+001 -1.03854878464e+002
+9.64930700003e+001 -1.04424002793e+002
+9.82308861817e+001 -1.04390166409e+002
+1.00000000000e+002 -1.04187037700e+002
+1.01800975118e+002 -1.04476337998e+002
+1.03634385350e+002 -1.05065510699e+002
+1.05500814844e+002 -1.04180097631e+002
+1.07400858268e+002 -1.04469007188e+002
+1.09335121002e+002 -1.05645189816e+002
+1.11304219327e+002 -1.04482359108e+002
+1.13308780622e+002 -1.04408898506e+002
+1.15349443568e+002 -1.04583494706e+002
+1.17426858345e+002 -1.05082664623e+002
+1.19541686846e+002 -1.04702090234e+002
+1.21694602882e+002 -1.04718972893e+002
+1.23886292399e+002 -1.04412612246e+002
+1.26117453700e+002 -1.05192848721e+002
+1.28388797661e+002 -1.04709390377e+002
+1.30701047961e+002 -1.04490791776e+002
+1.33054941314e+002 -1.04435757276e+002
+1.35451227700e+002 -1.04593877170e+002
+1.37890670608e+002 -1.04611876203e+002
+1.40374047276e+002 -1.05036587222e+002
+1.42902148939e+002 -1.05260983725e+002
+1.45475781085e+002 -1.04541573555e+002
+1.48095763705e+002 -1.05092828712e+002
+1.50762931560e+002 -1.04779498291e+002
+1.53478134445e+002 -1.05226680013e+002
+1.56242237458e+002 -1.04533877543e+002
+1.59056121278e+002 -1.05006031925e+002
+1.61920682446e+002 -1.05351994877e+002
+1.64836833648e+002 -1.04911207126e+002
+1.67805504007e+002 -1.04816734571e+002
+1.70827639381e+002 -1.04998847725e+002
+1.73904202661e+002 -1.05925092126e+002
+1.77036174080e+002 -1.04640398607e+002
+1.80224551525e+002 -1.05221904281e+002
+1.83470350855e+002 -1.05415282243e+002
+1.86774606222e+002 -1.05517108474e+002
+1.90138370407e+002 -1.05392424529e+002
+1.93562715148e+002 -1.05209046026e+002
+1.97048731486e+002 -1.05175727076e+002
+2.00597530110e+002 -1.05485351620e+002
+2.04210241715e+002 -1.05764979373e+002
+2.07888017356e+002 -1.06010943210e+002
+2.11632028822e+002 -1.06933304521e+002
+2.15443469003e+002 -1.06501067515e+002
+2.19323552273e+002 -1.05826040446e+002
+2.23273514878e+002 -1.05879628508e+002
+2.27294615326e+002 -1.05924410579e+002
+2.31388134792e+002 -1.05995217223e+002
+2.35555377526e+002 -1.06084379041e+002
+2.39797671264e+002 -1.06177809664e+002
+2.44116367658e+002 -1.06151154873e+002
+2.48512842698e+002 -1.05827217661e+002
+2.52988497160e+002 -1.06096264577e+002
+2.57544757045e+002 -1.06417642473e+002
+2.62183074038e+002 -1.06592045830e+002
+2.66904925965e+002 -1.06667007630e+002
+2.71711817270e+002 -1.06735623419e+002
+2.76605279492e+002 -1.06774413934e+002
+2.81586871751e+002 -1.06528466196e+002
+2.86658181246e+002 -1.06283463007e+002
+2.91820823764e+002 -1.06515129822e+002
+2.97076444190e+002 -1.06663737640e+002
+3.02426717031e+002 -1.06232607648e+002
+3.07873346955e+002 -1.05682407255e+002
+3.13418069329e+002 -1.06438604534e+002
+3.19062650773e+002 -1.06662905708e+002
+3.24808889724e+002 -1.06768220748e+002
+3.30658617009e+002 -1.07198202074e+002
+3.36613696427e+002 -1.07300248834e+002
+3.42676025343e+002 -1.07386575765e+002
+3.48847535295e+002 -1.06982489918e+002
+3.55130192606e+002 -1.06872580450e+002
+3.61525999011e+002 -1.05373509870e+002
+3.68036992298e+002 -1.05965656020e+002
+3.74665246955e+002 -1.07414314824e+002
+3.81412874828e+002 -1.07441012533e+002
+3.88282025801e+002 -1.07739936641e+002
+3.95274888473e+002 -1.07753109974e+002
+4.02393690862e+002 -1.07817373226e+002
+4.09640701111e+002 -1.07524521195e+002
+4.17018228212e+002 -1.07705662469e+002
+4.24528622739e+002 -1.07964001727e+002
+4.32174277604e+002 -1.08381025277e+002
+4.39957628810e+002 -1.08292999994e+002
+4.47881156235e+002 -1.08165436311e+002
+4.55947384417e+002 -1.08192709858e+002
+4.64158883361e+002 -1.08521387122e+002
+4.72518269359e+002 -1.08720052632e+002
+4.81028205818e+002 -1.09185862767e+002
+4.89691404115e+002 -1.09403208212e+002
+4.98510624459e+002 -1.09093599765e+002
+5.07488676766e+002 -1.09377385471e+002
+5.16628421561e+002 -1.09988728498e+002
+5.25932770886e+002 -1.09613360390e+002
+5.35404689227e+002 -1.09420309275e+002
+5.45047194461e+002 -1.09453985103e+002
+5.54863358815e+002 -1.09905582959e+002
+5.64856309846e+002 -1.10325235510e+002
+5.75029231439e+002 -1.10033377305e+002
+5.85385364818e+002 -1.10263981674e+002
+5.95928009583e+002 -1.10339562618e+002
+6.06660524757e+002 -1.10755465463e+002
+6.17586329859e+002 -1.10979652116e+002
+6.28708905992e+002 -1.10986872164e+002
+6.40031796953e+002 -1.11532599692e+002
+6.51558610364e+002 -1.11612171601e+002
+6.63293018816e+002 -1.11194703496e+002
+6.75238761044e+002 -1.11735040219e+002
+6.87399643118e+002 -1.12027389069e+002
+6.99779539652e+002 -1.12775627583e+002
+7.12382395042e+002 -1.12818417068e+002
+7.25212224722e+002 -1.13004237271e+002
+7.38273116442e+002 -1.13412880893e+002
+7.51569231572e+002 -1.13308930840e+002
+7.65104806427e+002 -1.13622661735e+002
+7.78884153618e+002 -1.14004638835e+002
+7.92911663423e+002 -1.14026356966e+002
+8.07191805189e+002 -1.14619192198e+002
+8.21729128755e+002 -1.14623861357e+002
+8.36528265901e+002 -1.14768651300e+002
+8.51593931825e+002 -1.14781359153e+002
+8.66930926644e+002 -1.15319321033e+002
+8.82544136923e+002 -1.15673969560e+002
+8.98438537235e+002 -1.16070327285e+002
+9.14619191741e+002 -1.15900600241e+002
+9.31091255809e+002 -1.16192092513e+002
+9.47859977652e+002 -1.16880220314e+002
+9.64930700003e+002 -1.17042188528e+002
+9.82308861817e+002 -1.17141862915e+002
+1.00000000000e+003 -1.17369637267e+002
+1.01800975118e+003 -1.17623595602e+002
+1.03634385350e+003 -1.17670091869e+002
+1.05500814844e+003 -1.17781551401e+002
+1.07400858268e+003 -1.18190118421e+002
+1.09335121002e+003 -1.18434772262e+002
+1.11304219327e+003 -1.18835307260e+002
+1.13308780622e+003 -1.18882244403e+002
+1.15349443568e+003 -1.18885891544e+002
+1.17426858345e+003 -1.19032230105e+002
+1.19541686846e+003 -1.19088870800e+002
+1.21694602882e+003 -1.19492981012e+002
+1.23886292399e+003 -1.19555496328e+002
+1.26117453700e+003 -1.19824465746e+002
+1.28388797661e+003 -1.19604465860e+002
+1.30701047961e+003 -1.19796623752e+002
+1.33054941314e+003 -1.19765124822e+002
+1.35451227700e+003 -1.19954814092e+002
+1.37890670608e+003 -1.20267351458e+002
+1.40374047276e+003 -1.20230423072e+002
+1.42902148939e+003 -1.20338148655e+002
+1.45475781085e+003 -1.20621070106e+002
+1.48095763705e+003 -1.20845208129e+002
+1.50762931560e+003 -1.20714128444e+002
+1.53478134445e+003 -1.20724354277e+002
+1.56242237458e+003 -1.20835228839e+002
+1.59056121278e+003 -1.20920313934e+002
+1.61920682446e+003 -1.20988240355e+002
+1.64836833648e+003 -1.20983547494e+002
+1.67805504007e+003 -1.20900414220e+002
+1.70827639381e+003 -1.21017593372e+002
+1.73904202661e+003 -1.21111678142e+002
+1.77036174080e+003 -1.21117105438e+002
+1.80224551525e+003 -1.21104208922e+002
+1.83470350855e+003 -1.21138708496e+002
+1.86774606222e+003 -1.21206095095e+002
+1.90138370407e+003 -1.21236118299e+002
+1.93562715148e+003 -1.21254871317e+002
+1.97048731486e+003 -1.21338534183e+002
+2.00597530110e+003 -1.21116998155e+002
+2.04210241715e+003 -1.21270748400e+002
+2.07888017356e+003 -1.20551953738e+002
+2.11632028822e+003 -1.21378584796e+002
+2.15443469003e+003 -1.21366918754e+002
+2.19323552273e+003 -1.21502969016e+002
+2.23273514878e+003 -1.21474868832e+002
+2.27294615326e+003 -1.21511045008e+002
+2.31388134792e+003 -1.21501141356e+002
+2.35555377526e+003 -1.21444197375e+002
+2.39797671264e+003 -1.21506973092e+002
+2.44116367658e+003 -1.21649977577e+002
+2.48512842698e+003 -1.21604203093e+002
+2.52988497160e+003 -1.21412972244e+002
+2.57544757045e+003 -1.21401928557e+002
+2.62183074038e+003 -1.21375918576e+002
+2.66904925965e+003 -1.21355338339e+002
+2.71711817270e+003 -1.21453092573e+002
+2.76605279492e+003 -1.21512612907e+002
+2.81586871751e+003 -1.21617326809e+002
+2.86658181246e+003 -1.21311924428e+002
+2.91820823764e+003 -1.21222585668e+002
+2.97076444190e+003 -1.21185152434e+002
+3.02426717031e+003 -1.21224390101e+002
+3.07873346955e+003 -1.21146667369e+002
+3.13418069329e+003 -1.20820709155e+002
+3.19062650773e+003 -1.21070784046e+002
+3.24808889724e+003 -1.20784494610e+002
+3.30658617009e+003 -1.20897903131e+002
+3.36613696427e+003 -1.20906423569e+002
+3.42676025343e+003 -1.20754392099e+002
+3.48847535295e+003 -1.20640045996e+002
+3.55130192606e+003 -1.20825754603e+002
+3.61525999011e+003 -1.20738451822e+002
+3.68036992298e+003 -1.20372226063e+002
+3.74665246955e+003 -1.20447183516e+002
+3.81412874828e+003 -1.20246337359e+002
+3.88282025801e+003 -1.20372724135e+002
+3.95274888473e+003 -1.20323477707e+002
+4.02393690862e+003 -1.20408481432e+002
+4.09640701111e+003 -1.20194814845e+002
+4.17018228212e+003 -1.20113609833e+002
+4.24528622739e+003 -1.20134163603e+002
+4.32174277604e+003 -1.20130222184e+002
+4.39957628810e+003 -1.20023350878e+002
+4.47881156235e+003 -1.19935045199e+002
+4.55947384417e+003 -1.19884643455e+002
+4.64158883361e+003 -1.19861093012e+002
+4.72518269359e+003 -1.19750319626e+002
+4.81028205818e+003 -1.18539865563e+002
+4.89691404115e+003 -1.19603817616e+002
+4.98510624459e+003 -1.19607304923e+002
+5.07488676766e+003 -1.19644432340e+002
+5.16628421561e+003 -1.19837305366e+002
+5.25932770886e+003 -1.19862698688e+002
+5.35404689227e+003 -1.19712317219e+002
+5.45047194461e+003 -1.19784346219e+002
+5.54863358815e+003 -1.19818540210e+002
+5.64856309846e+003 -1.19789563938e+002
+5.75029231439e+003 -1.19836543148e+002
+5.85385364818e+003 -1.20036382856e+002
+5.95928009583e+003 -1.20281267495e+002
+6.06660524757e+003 -1.20310071978e+002
+6.17586329859e+003 -1.20373834580e+002
+6.28708905992e+003 -1.20663481934e+002
+6.40031796953e+003 -1.20713453464e+002
+6.51558610364e+003 -1.15152891370e+002
+6.63293018816e+003 -1.21247661621e+002
+6.75238761044e+003 -1.21350635316e+002
+6.87399643118e+003 -1.21605569156e+002
+6.99779539652e+003 -1.21794942501e+002
+7.12382395042e+003 -1.22000628716e+002
+7.25212224722e+003 -1.22334588467e+002
+7.38273116442e+003 -1.22554113532e+002
+7.51569231572e+003 -1.22715818901e+002
+7.65104806427e+003 -1.23023177744e+002
+7.78884153618e+003 -1.21810349789e+002
+7.92911663423e+003 -1.15142682177e+002
+8.07191805189e+003 -1.23719340339e+002
+8.21729128755e+003 -1.23888041462e+002
+8.36528265901e+003 -1.24310790814e+002
+8.51593931825e+003 -1.24369444728e+002
+8.66930926644e+003 -1.24598629446e+002
+8.82544136923e+003 -1.24787045832e+002
+8.98438537235e+003 -1.23989718621e+002
+9.14619191741e+003 -1.12239925057e+002
+9.31091255809e+003 -1.25381485089e+002
+9.47859977652e+003 -1.25460521300e+002
+9.64930700003e+003 -1.25710249998e+002
+9.82308861817e+003 -1.25994972334e+002
+1.00000000000e+004 -1.26186999669e+002
+1.01800975118e+004 -1.26394049691e+002
+1.03634385350e+004 -1.24872994402e+002
+1.05500814844e+004 -1.13924777000e+002
+1.07400858268e+004 -1.26877657317e+002
+1.09335121002e+004 -1.27097696595e+002
+1.11304219327e+004 -1.27304423607e+002
+1.13308780622e+004 -1.27402162372e+002
+1.15349443568e+004 -1.27525917182e+002
+1.17426858345e+004 -1.22797279825e+002
+1.19541686846e+004 -1.27820283416e+002
+1.21694602882e+004 -1.28084000468e+002
+1.23886292399e+004 -1.27882215387e+002
+1.26117453700e+004 -1.15780322776e+002
+1.28388797661e+004 -1.25593952765e+002
+1.30701047961e+004 -1.24775275682e+002
+1.33054941314e+004 -1.12780404442e+002
+1.35451227700e+004 -1.27863808907e+002
+1.37890670608e+004 -1.28514303931e+002
+1.40374047276e+004 -1.27934468666e+002
+1.42902148939e+004 -1.26951342919e+002
+1.45475781085e+004 -1.27953819486e+002
+1.48095763705e+004 -1.28726156370e+002
+1.50762931560e+004 -1.28760398044e+002
+1.53478134445e+004 -1.19078786059e+002
+1.56242237458e+004 -1.09685438576e+002
+1.59056121278e+004 -1.18504199174e+002
+1.61920682446e+004 -1.28840089793e+002
+1.64836833648e+004 -1.28843277807e+002
+1.67805504007e+004 -1.22765622119e+002
+1.70827639381e+004 -1.24886986486e+002
+1.73904202661e+004 -1.28998337924e+002
+1.77036174080e+004 -1.29064979264e+002
+1.80224551525e+004 -1.13019055695e+002
+1.83470350855e+004 -1.11086537778e+002
+1.86774606222e+004 -1.23112333126e+002
+1.90138370407e+004 -1.28705276820e+002
+1.93562715148e+004 -1.22140973302e+002
+1.97048731486e+004 -1.20747350111e+002
+2.00597530110e+004 -1.29332060062e+002
+2.04210241715e+004 -1.22931643203e+002
+2.07888017356e+004 -1.12852170199e+002
+2.11632028822e+004 -1.16615931418e+002
+2.15443469003e+004 -1.29121172339e+002
+2.19323552273e+004 -1.21327736831e+002
+2.23273514878e+004 -1.20620513035e+002
+2.27294615326e+004 -1.29571241491e+002
+2.31388134792e+004 -1.20627033267e+002
+2.35555377526e+004 -1.14676276821e+002
+2.39797671264e+004 -1.27267548137e+002
+2.44116367658e+004 -1.26050230597e+002
+2.48512842698e+004 -1.24293111595e+002
+2.52988497160e+004 -1.29711171609e+002
+2.57544757045e+004 -1.21098194904e+002
+2.62183074038e+004 -1.16200918521e+002
+2.66904925965e+004 -1.28475614519e+002
+2.71711817270e+004 -1.29819186575e+002
+2.76605279492e+004 -1.29828902923e+002
+2.81586871751e+004 -1.24516486333e+002
+2.86658181246e+004 -1.18426630950e+002
+2.91820823764e+004 -1.29385866852e+002
+2.97076444190e+004 -1.25984689894e+002
+3.02426717031e+004 -1.25409882938e+002
+3.07873346955e+004 -1.26074169541e+002
+3.13418069329e+004 -1.19859450765e+002
+3.19062650773e+004 -1.29066925172e+002
+3.24808889724e+004 -1.21235466613e+002
+3.30658617009e+004 -1.28805705301e+002
+3.36613696427e+004 -1.21966556399e+002
+3.42676025343e+004 -1.26503134151e+002
+3.48847535295e+004 -1.22438036511e+002
+3.55130192606e+004 -1.24503650350e+002
+3.61525999011e+004 -1.24995627258e+002
+3.68036992298e+004 -1.23056994544e+002
+3.74665246955e+004 -1.24607843622e+002
+3.81412874828e+004 -1.25830059036e+002
+3.88282025801e+004 -1.22370077387e+002
+3.95274888473e+004 -1.27819173663e+002
+4.02393690862e+004 -1.27806124332e+002
+4.09640701111e+004 -1.29744161600e+002
+4.17018228212e+004 -1.21767610733e+002
+4.24528622739e+004 -1.30047174168e+002
+4.32174277604e+004 -1.28801745915e+002
+4.39957628810e+004 -1.24520473281e+002
+4.47881156235e+004 -1.29107784701e+002
+4.55947384417e+004 -1.26613096830e+002
+4.64158883361e+004 -1.26139201022e+002
+4.72518269359e+004 -1.24836790302e+002
+4.81028205818e+004 -1.25752888529e+002
+4.89691404115e+004 -1.26347746500e+002
+4.98510624459e+004 -1.25678731084e+002
+5.07488676766e+004 -1.27190622440e+002
+5.16628421561e+004 -1.25285303089e+002
+5.25932770886e+004 -1.26000708419e+002
+5.35404689227e+004 -1.29607956508e+002
+5.45047194461e+004 -1.23041032303e+002
+5.54863358815e+004 -1.30032702394e+002
+5.64856309846e+004 -1.29045928734e+002
+5.75029231439e+004 -1.23543477418e+002
+5.85385364818e+004 -1.28267430684e+002
+5.95928009583e+004 -1.24264961244e+002
+6.06660524757e+004 -1.28467607982e+002
+6.17586329859e+004 -1.27309260691e+002
+6.28708905992e+004 -1.25318557599e+002
+6.40031796953e+004 -1.28085407576e+002
+6.51558610364e+004 -1.25375637256e+002
+6.63293018816e+004 -1.29635366006e+002
+6.75238761044e+004 -1.25332276251e+002
+6.87399643118e+004 -1.30930107046e+002
+6.99779539652e+004 -1.25901319363e+002
+7.12382395042e+004 -1.30660735453e+002
+7.25212224722e+004 -1.25938676143e+002
+7.38273116442e+004 -1.29818031468e+002
+7.51569231572e+004 -1.26037868797e+002
+7.65104806427e+004 -1.30465329886e+002
+7.78884153618e+004 -1.26587846598e+002
+7.92911663423e+004 -1.31027028167e+002
+8.07191805189e+004 -1.26662610033e+002
+8.21729128755e+004 -1.31369986340e+002
+8.36528265901e+004 -1.27333537956e+002
+8.51593931825e+004 -1.28378428285e+002
+8.66930926644e+004 -1.28554533435e+002
+8.82544136923e+004 -1.28002480284e+002
+8.98438537235e+004 -1.30327482003e+002
+9.14619191741e+004 -1.28168432166e+002
+9.31091255809e+004 -1.28242376346e+002
+9.47859977652e+004 -1.30952506309e+002
+9.64930700003e+004 -1.28355855613e+002
+9.82308861817e+004 -1.28765926450e+002
+1.00000000000e+005 -1.29112551303e+002
+1.01800975118e+005 -1.29173422014e+002
+1.03634385350e+005 -1.29206715931e+002
+1.05500814844e+005 -1.29390169952e+002
+1.07400858268e+005 -1.29651760994e+002
+1.09335121002e+005 -1.29767501573e+002
+1.11304219327e+005 -1.29803421618e+002
+1.13308780622e+005 -1.29772271045e+002
+1.15349443568e+005 -1.29777260208e+002
+1.17426858345e+005 -1.29879078361e+002
+1.19541686846e+005 -1.30005167042e+002
+1.21694602882e+005 -1.30187700008e+002
+1.23886292399e+005 -1.30268452595e+002
+1.26117453700e+005 -1.30330554347e+002
+1.28388797661e+005 -1.30389903253e+002
+1.30701047961e+005 -1.30468834360e+002
+1.33054941314e+005 -1.30564156194e+002
+1.35451227700e+005 -1.30623186824e+002
+1.37890670608e+005 -1.30614601624e+002
+1.40374047276e+005 -1.30604653000e+002
+1.42902148939e+005 -1.30599760868e+002
+1.45475781085e+005 -1.30649341681e+002
+1.48095763705e+005 -1.30778318968e+002
+1.50762931560e+005 -1.30954849756e+002
+1.53478134445e+005 -1.31014713324e+002
+1.56242237458e+005 -1.31055579226e+002
+1.59056121278e+005 -1.30986940169e+002
+1.61920682446e+005 -1.30938719430e+002
+1.64836833648e+005 -1.30920933131e+002
+1.67805504007e+005 -1.30968126541e+002
+1.70827639381e+005 -1.31092946757e+002
+1.73904202661e+005 -1.31159562921e+002
+1.77036174080e+005 -1.31127994012e+002
+1.80224551525e+005 -1.30729093741e+002
+1.83470350855e+005 -1.30390940010e+002
+1.86774606222e+005 -1.30286646902e+002
+1.90138370407e+005 -1.30312420416e+002
+1.93562715148e+005 -1.30561052784e+002
+1.97048731486e+005 -1.31096485184e+002
+2.00597530110e+005 -1.31489169383e+002
+2.04210241715e+005 -1.31550260304e+002
+2.07888017356e+005 -1.31554931801e+002
+2.11632028822e+005 -1.31587106065e+002
+2.15443469003e+005 -1.31640075015e+002
+2.19323552273e+005 -1.31652451723e+002
+2.23273514878e+005 -1.31686765047e+002
+2.27294615326e+005 -1.31676408967e+002
+2.31388134792e+005 -1.31453775180e+002
+2.35555377526e+005 -1.31506818459e+002
+2.39797671264e+005 -1.31727252309e+002
+2.44116367658e+005 -1.31748944007e+002
+2.48512842698e+005 -1.31804002079e+002
+2.52988497160e+005 -1.31824178018e+002
+2.57544757045e+005 -1.31796006253e+002
+2.62183074038e+005 -1.31797610966e+002
+2.66904925965e+005 -1.31819672890e+002
+2.71711817270e+005 -1.31839398646e+002
+2.76605279492e+005 -1.31859961694e+002
+2.81586871751e+005 -1.31884482359e+002
+2.86658181246e+005 -1.31881892399e+002
+2.91820823764e+005 -1.31891512901e+002
+2.97076444190e+005 -1.31931936117e+002
+3.02426717031e+005 -1.31932439032e+002
+3.07873346955e+005 -1.31951911818e+002
+3.13418069329e+005 -1.31944978748e+002
+3.19062650773e+005 -1.31942697527e+002
+3.24808889724e+005 -1.31912625926e+002
+3.30658617009e+005 -1.31934377170e+002
+3.36613696427e+005 -1.31923797315e+002
+3.42676025343e+005 -1.31930988043e+002
+3.48847535295e+005 -1.31901044109e+002
+3.55130192606e+005 -1.31897872142e+002
+3.61525999011e+005 -1.31883611490e+002
+3.68036992298e+005 -1.31946149327e+002
+3.74665246955e+005 -1.31951408670e+002
+3.81412874828e+005 -1.31954573471e+002
+3.88282025801e+005 -1.31934832292e+002
+3.95274888473e+005 -1.31945021797e+002
+4.02393690862e+005 -1.31800502166e+002
+4.09640701111e+005 -1.31047940701e+002
+4.17018228212e+005 -1.30566631412e+002
+4.24528622739e+005 -1.31118811367e+002
+4.32174277604e+005 -1.31888898913e+002
+4.39957628810e+005 -1.31934548805e+002
+4.47881156235e+005 -1.31958261174e+002
+4.55947384417e+005 -1.31955594440e+002
+4.64158883361e+005 -1.31969675242e+002
+4.72518269359e+005 -1.31985024104e+002
+4.81028205818e+005 -1.31982351968e+002
+4.89691404115e+005 -1.31983651557e+002
+4.98510624459e+005 -1.32000063120e+002
+5.07488676766e+005 -1.31996071931e+002
+5.16628421561e+005 -1.31981089730e+002
+5.25932770886e+005 -1.31990602466e+002
+5.35404689227e+005 -1.31944328772e+002
+5.45047194461e+005 -1.31957925070e+002
+5.54863358815e+005 -1.31916456025e+002
+5.64856309846e+005 -1.31914222582e+002
+5.75029231439e+005 -1.31880555759e+002
+5.85385364818e+005 -1.31860762683e+002
+5.95928009583e+005 -1.31850340725e+002
+6.06660524757e+005 -1.31158402961e+002
+6.17586329859e+005 -1.31881772868e+002
+6.28708905992e+005 -1.31802188738e+002
+6.40031796953e+005 -1.31711236634e+002
+6.51558610364e+005 -1.31777596545e+002
+6.63293018816e+005 -1.31713171143e+002
+6.75238761044e+005 -1.31662489558e+002
+6.87399643118e+005 -1.31814149875e+002
+6.99779539652e+005 -1.31816759643e+002
+7.12382395042e+005 -1.31864079300e+002
+7.25212224722e+005 -1.31804028028e+002
+7.38273116442e+005 -1.31767582545e+002
+7.51569231572e+005 -1.31707445252e+002
+7.65104806427e+005 -1.31813174560e+002
+7.78884153618e+005 -1.31643708561e+002
+7.92911663423e+005 -1.29788828140e+002
+8.07191805189e+005 -1.29833962180e+002
+8.21729128755e+005 -1.31511719055e+002
+8.36528265901e+005 -1.31704292255e+002
+8.51593931825e+005 -1.31614770056e+002
+8.66930926644e+005 -1.31714141472e+002
+8.82544136923e+005 -1.31754197916e+002
+8.98438537235e+005 -1.31754322035e+002
+9.14619191741e+005 -1.31730843656e+002
+9.31091255809e+005 -1.31676149090e+002
+9.47859977652e+005 -1.31682342977e+002
+9.64930700003e+005 -1.31678165521e+002
+9.82308861817e+005 -1.31701438791e+002
+1.00000000000e+006 -1.31481705115e+002
+1.01800975118e+006 -1.30871578915e+002
+1.03634385350e+006 -1.31380518098e+002
+1.05500814844e+006 -1.31705141917e+002
+1.07400858268e+006 -1.31700984410e+002
+1.09335121002e+006 -1.31722890357e+002
+1.11304219327e+006 -1.31717299647e+002
+1.13308780622e+006 -1.31696748530e+002
+1.15349443568e+006 -1.31642619620e+002
+1.17426858345e+006 -1.31667557891e+002
+1.19541686846e+006 -1.31466815102e+002
+1.21694602882e+006 -1.31484608206e+002
+1.23886292399e+006 -1.31674887473e+002
+1.26117453700e+006 -1.31681934660e+002
+1.28388797661e+006 -1.31702648265e+002
+1.30701047961e+006 -1.31731592141e+002
+1.33054941314e+006 -1.31732650575e+002
+1.35451227700e+006 -1.31720199793e+002
+1.37890670608e+006 -1.31491418501e+002
+1.40374047276e+006 -1.31318804850e+002
+1.42902148939e+006 -1.31569521867e+002
+1.45475781085e+006 -1.31511280648e+002
+1.48095763705e+006 -1.31457168121e+002
+1.50762931560e+006 -1.31528069369e+002
+1.53478134445e+006 -1.31520483894e+002
+1.56242237458e+006 -1.31473382813e+002
+1.59056121278e+006 -1.31469568647e+002
+1.61920682446e+006 -1.31458805072e+002
+1.64836833648e+006 -1.31149474160e+002
+1.67805504007e+006 -1.31314408589e+002
+1.70827639381e+006 -1.31465261938e+002
+1.73904202661e+006 -1.31471753847e+002
+1.77036174080e+006 -1.31448221100e+002
+1.80224551525e+006 -1.31367983556e+002
+1.83470350855e+006 -1.31460652623e+002
+1.86774606222e+006 -1.31425518485e+002
+1.90138370407e+006 -1.31506906419e+002
+1.93562715148e+006 -1.31506615491e+002
+1.97048731486e+006 -1.31462505740e+002
+2.00597530110e+006 -1.31312561288e+002
+2.04210241715e+006 -1.31508648961e+002
+2.07888017356e+006 -1.31486369098e+002
+2.11632028822e+006 -1.31470420748e+002
+2.15443469003e+006 -1.31486812713e+002
+2.19323552273e+006 -1.31376676211e+002
+2.23273514878e+006 -1.30839219874e+002
+2.27294615326e+006 -1.31299226956e+002
+2.31388134792e+006 -1.31361308146e+002
+2.35555377526e+006 -1.31243563472e+002
+2.39797671264e+006 -1.31291413804e+002
+2.44116367658e+006 -1.30611535438e+002
+2.48512842698e+006 -1.31282881622e+002
+2.52988497160e+006 -1.31350262748e+002
+2.57544757045e+006 -1.31302308800e+002
+2.62183074038e+006 -1.31328678441e+002
+2.66904925965e+006 -1.31372643437e+002
+2.71711817270e+006 -1.31375062460e+002
+2.76605279492e+006 -1.31358134237e+002
+2.81586871751e+006 -1.31135794709e+002
+2.86658181246e+006 -1.31326182874e+002
+2.91820823764e+006 -1.31357929716e+002
+2.97076444190e+006 -1.31313905451e+002
+3.02426717031e+006 -1.31248069699e+002
+3.07873346955e+006 -1.31149980835e+002
+3.13418069329e+006 -1.31202929695e+002
+3.19062650773e+006 -1.30521087535e+002
+3.24808889724e+006 -1.30783536521e+002
+3.30658617009e+006 -1.31236608711e+002
+3.36613696427e+006 -1.31219758567e+002
+3.42676025343e+006 -1.31059409181e+002
+3.48847535295e+006 -1.31279645600e+002
+3.55130192606e+006 -1.31290585365e+002
+3.61525999011e+006 -1.31243890241e+002
+3.68036992298e+006 -1.31209571492e+002
+3.74665246955e+006 -1.31298224884e+002
+3.81412874828e+006 -1.31245892492e+002
+3.88282025801e+006 -1.31204318932e+002
+3.95274888473e+006 -1.31078543806e+002
+4.02393690862e+006 -1.30703352984e+002
+4.09640701111e+006 -1.31081521903e+002
+4.17018228212e+006 -1.31157625083e+002
+4.24528622739e+006 -1.31174604563e+002
+4.32174277604e+006 -1.31222884257e+002
+4.39957628810e+006 -1.31222685819e+002
+4.47881156235e+006 -1.31303018265e+002
+4.55947384417e+006 -1.31288519021e+002
+4.64158883361e+006 -1.30951948839e+002
+4.72518269359e+006 -1.31142950594e+002
+4.81028205818e+006 -1.31063133162e+002
+4.89691404115e+006 -1.31004188977e+002
+4.98510624459e+006 -1.31159134834e+002
+5.07488676766e+006 -1.31260491428e+002
+5.16628421561e+006 -1.31265056343e+002
+5.25932770886e+006 -1.30943172097e+002
+5.35404689227e+006 -1.31279880508e+002
+5.45047194461e+006 -1.31085596391e+002
+5.54863358815e+006 -1.31096565661e+002
+5.64856309846e+006 -1.31025425387e+002
+5.75029231439e+006 -1.31236242315e+002
+5.85385364818e+006 -1.30808579449e+002
+5.95928009583e+006 -1.31141059490e+002
+6.06660524757e+006 -1.31041920663e+002
+6.17586329859e+006 -1.31202675359e+002
+6.28708905992e+006 -1.31090634521e+002
+6.40031796953e+006 -1.30948393007e+002
+6.51558610364e+006 -1.30927364599e+002
+6.63293018816e+006 -1.30906845079e+002
+6.75238761044e+006 -1.30886424348e+002
+6.87399643118e+006 -1.30941213677e+002
+6.99779539652e+006 -1.30920252388e+002
+7.12382395042e+006 -1.30815051768e+002
+7.25212224722e+006 -1.30796698728e+002
+7.38273116442e+006 -1.30810363947e+002
+7.51569231572e+006 -1.30672258059e+002
+7.65104806427e+006 -1.30655166272e+002
+7.78884153618e+006 -1.29884784123e+002
+7.92911663423e+006 -1.29867212209e+002
+8.07191805189e+006 -1.29895657426e+002
+8.21729128755e+006 -1.29889062455e+002
+8.36528265901e+006 -1.30520922350e+002
+8.51593931825e+006 -1.30701988346e+002
+8.66930926644e+006 -1.30695063232e+002
+8.82544136923e+006 -1.30555811468e+002
+8.98438537235e+006 -1.30505415267e+002
+9.14619191741e+006 -1.30510915517e+002
+9.31091255809e+006 -1.30561831427e+002
+9.47859977652e+006 -1.30321986630e+002
+9.64930700003e+006 -1.30329264331e+002
+9.82308861817e+006 -1.29601414485e+002
+1.00000000000e+007 -1.28648948296e+002
